door                    horn                    moto            OVERALL
C       PRE     REC     F1      PRE     REC     F1      PRE     REC     F1      ACC     F1
10.000  92.4    61.0    73.5    98.0    96.0    97.0    69.1    94.0    79.7    83.7    83.4
25.000  97.3    72.0    82.8    97.0    98.0    97.5    76.0    95.0    84.4    88.3    88.2
50.000  97.4    74.0    84.1    98.0    97.0    97.5    77.6    97.0    86.2    89.3    89.3     best F1         best Acc
100.000         96.8    60.0    74.1    96.9    95.0    96.0    67.9    95.0    79.2    83.3    83.1
200.000         96.8    61.0    74.8    94.9    93.0    93.9    66.9    93.0    77.8    82.3    82.2
500.000         97.0    65.0    77.8    92.1    93.0    92.5    68.2    90.0    77.6    82.7    82.7
Confusion Matrix:
door    horn    moto
door    24.7    0.0     8.7
horn    0.3     32.3    0.7
moto    0.3     0.7     32.3
Selected params: 50.00000
