door                    horn                    moto            OVERALL
C       PRE     REC     F1      PRE     REC     F1      PRE     REC     F1      ACC     F1
1.000   98.7    75.0    85.2    100.0   93.0    96.4    76.3    100.0   86.6    89.3    89.4     best F1         best Acc
3.000   87.3    55.0    67.5    86.8    92.0    89.3    76.3    100.0   86.6    82.3    81.1
5.000   83.0    39.0    53.1    90.2    92.0    91.1    66.2    100.0   79.7    77.0    74.6
7.000   78.6    44.0    56.4    100.0   88.0    93.6    64.1    100.0   78.1    77.3    76.1
9.000   72.0    36.0    48.0    100.0   86.0    92.5    61.0    100.0   75.8    74.0    72.1
11.000  92.7    51.0    65.8    100.0   96.0    98.0    67.1    100.0   80.3    82.3    81.4
13.000  83.0    39.0    53.1    97.9    92.0    94.8    62.9    100.0   77.2    77.0    75.0
15.000  75.0    33.0    45.8    90.8    89.0    89.9    63.3    100.0   77.5    74.0    71.1
Confusion Matrix:
door    horn    moto
door    25.0    0.0     8.3
horn    0.3     31.0    2.0
moto    0.0     0.0     33.3
Selected params: 1.00000
