door                    horn                    moto            OVERALL
C       PRE     REC     F1      PRE     REC     F1      PRE     REC     F1      ACC     F1
10.000  78.6    66.0    71.7    93.3    98.0    95.6    74.8    83.0    78.7    82.3    82.0
25.000  89.9    71.0    79.3    99.0    99.0    99.0    76.0    92.0    83.3    87.3    87.2
50.000  94.2    81.0    87.1    100.0   97.0    98.5    82.1    96.0    88.5    91.3    91.4
100.000         89.8    79.0    84.0    100.0   97.0    98.5    80.0    92.0    85.6    89.3    89.4
200.000         92.0    80.0    85.6    100.0   94.0    96.9    80.7    96.0    87.7    90.0    90.0
500.000         96.5    82.0    88.6    100.0   100.0   100.0   84.3    97.0    90.2    93.0    93.0     best F1         best Acc
Confusion Matrix:
door    horn    moto
door    27.3    0.0     6.0
horn    0.0     33.3    0.0
moto    1.0     0.0     32.3
Selected params: 500.00000
