door                    horn                    moto            OVERALL
C       PRE     REC     F1      PRE     REC     F1      PRE     REC     F1      ACC     F1
0.001   33.3    0.0     0.0     77.7    87.0    82.1    53.2    100.0   69.4    62.3    50.5
0.010   90.6    87.0    88.8    100.0   89.0    94.2    87.0    100.0   93.0    92.0    92.0
0.500   89.6    86.0    87.8    100.0   89.0    94.2    87.0    100.0   93.0    91.7    91.7
1.000   96.5    83.0    89.2    100.0   95.0    97.4    84.0    100.0   91.3    92.7    92.7
5.000   94.7    89.0    91.8    100.0   93.0    96.4    88.5    100.0   93.9    94.0    94.0     best F1         best Acc
10.000  92.9    78.0    84.8    100.0   91.0    95.3    80.0    100.0   88.9    89.7    89.7
Confusion Matrix:
door    horn    moto
door    29.7    0.0     3.7
horn    1.7     31.0    0.7
moto    0.0     0.0     33.3
Selected params: 5.00000
